<?xml version="1.0" encoding="utf-8"?>
<COLLADA xmlns="http://www.collada.org/2005/11/COLLADASchema" version="1.4.1">
  <asset>
    <contributor>
      <author>Mixamo</author>
      <authoring_tool>COLLADA Mixamo exporter</authoring_tool>
      <comments/>
    </contributor>
    <created>2023-09-09T14:31:50Z</created>
    <modified>2023-09-09T14:31:50Z</modified>
    <revision/>
    <title/>
    <unit meter="0.010000"/>
    <up_axis>Y_UP</up_axis>
  </asset>
  <library_animations>
    <animation id="mixamorig_Hips-anim" name="mixamorig_Hips">
      <source id="mixamorig_Hips-Matrix-animation-input">
        <float_array id="mixamorig_Hips-Matrix-animation-input-array" count="86">

0.000000 0.033333 0.066667 0.100000 0.133333 0.166667 0.200000 0.233333 0.266667 0.300000 0.333333 0.366667 0.400000 0.433333 0.466667 0.500000
0.533333 0.566667 0.600000 0.633333 0.666667 0.700000 0.733333 0.766667 0.800000 0.833333 0.866667 0.900000 0.933333 0.966667 1.000000 1.033333
1.066667 1.100000 1.133333 1.166667 1.200000 1.233333 1.266667 1.300000 1.333333 1.366667 1.400000 1.433333 1.466667 1.500000 1.533333 1.566667
1.600000 1.633333 1.666667 1.700000 1.733333 1.766667 1.800000 1.833333 1.866667 1.900000 1.933333 1.966667 2.000000 2.033333 2.066667 2.100000
2.133333 2.166667 2.200000 2.233333 2.266667 2.300000 2.333333 2.366667 2.400000 2.433333 2.466667 2.500000 2.533333 2.566667 2.600000 2.633333
2.666667 2.700000 2.733333 2.766667 2.800000 2.833333</float_array>
        <technique_common>
          <accessor source="#mixamorig_Hips-Matrix-animation-input-array" count="86">
            <param name="TIME" type="float"/>
          </accessor>
        </technique_common>
      </source>
      <source id="mixamorig_Hips-Matrix-animation-output-transform">
        <float_array id="mixamorig_Hips-Matrix-animation-output-transform-array" count="1376">

0.692355 0.115769 -0.712210 0.494103 -0.004715 0.987750 0.155975 85.882263 0.721542 -0.104632 0.684419 1.251681 0.000000 0.000000 0.000000 1.000000
0.695173 0.117217 -0.709221 0.290906 -0.002901 0.987065 0.160295 85.885132 0.718836 -0.109375 0.686521 0.964942 0.000000 0.000000 0.000000 1.000000
0.698053 0.117986 -0.706259 0.020135 -0.003229 0.986840 0.161668 86.109932 0.716039 -0.110572 0.689248 0.602929 0.000000 0.000000 0.000000 1.000000
0.701089 0.117317 -0.703357 -0.307682 -0.005613 0.987251 0.159075 86.569679 0.713052 -0.107578 0.692809 0.153054 0.000000 0.000000 0.000000 1.000000
0.704856 0.115176 -0.699937 -0.688110 -0.009464 0.988169 0.153075 87.176491 0.709287 -0.101271 0.697608 -0.408649 0.000000 0.000000 0.000000 1.000000
0.709308 0.113273 -0.695738 -1.103795 -0.014704 0.989167 0.146054 87.757790 0.704745 -0.093367 0.703290 -1.087403 0.000000 0.000000 0.000000 1.000000
0.712090 0.111912 -0.693111 -1.521665 -0.019669 0.990007 0.139643 88.194260 0.701812 -0.085806 0.707175 -1.832836 0.000000 0.000000 0.000000 1.000000
0.713755 0.113245 -0.691180 -1.909142 -0.025168 0.990352 0.136272 88.435471 0.699943 -0.079870 0.709718 -2.637690 0.000000 0.000000 0.000000 1.000000
0.715298 0.117265 -0.688911 -2.256963 -0.030308 0.990098 0.137064 88.470535 0.698162 -0.077162 0.711769 -3.453174 0.000000 0.000000 0.000000 1.000000
0.717269 0.123224 -0.685814 -2.560367 -0.034644 0.989328 0.141526 88.302666 0.695934 -0.077753 0.713884 -4.222009 0.000000 0.000000 0.000000 1.000000
0.718246 0.129818 -0.683571 -2.811269 -0.037196 0.988200 0.148587 87.988541 0.694794 -0.081296 0.714600 -4.883637 0.000000 0.000000 0.000000 1.000000
0.715849 0.132862 -0.685498 -3.040410 -0.035216 0.987351 0.154590 87.667442 0.697367 -0.086523 0.711473 -5.325628 0.000000 0.000000 0.000000 1.000000
0.718650 0.138394 -0.681461 -3.241528 -0.036224 0.986115 0.162063 87.419678 0.694428 -0.091781 0.713685 -5.601065 0.000000 0.000000 0.000000 1.000000
0.726901 0.148082 -0.670587 -3.410009 -0.041111 0.984107 0.172751 87.292831 0.685510 -0.098005 0.721436 -5.694755 0.000000 0.000000 0.000000 1.000000
0.731394 0.152042 -0.664790 -3.551864 -0.040936 0.982860 0.179749 87.338524 0.680725 -0.104254 0.725082 -5.489196 0.000000 0.000000 0.000000 1.000000
0.736037 0.150139 -0.660081 -3.638212 -0.037037 0.982565 0.182191 87.479156 0.675927 -0.109652 0.728766 -5.098895 0.000000 0.000000 0.000000 1.000000
0.739910 0.146953 -0.656458 -3.684743 -0.033628 0.982708 0.182084 87.643944 0.671865 -0.112650 0.732057 -4.601581 0.000000 0.000000 0.000000 1.000000
0.740722 0.143315 -0.656348 -3.700575 -0.031331 0.983287 0.179345 87.793274 0.671081 -0.112281 0.732832 -4.078067 0.000000 0.000000 0.000000 1.000000
0.738558 0.139639 -0.659571 -3.705626 -0.029683 0.984102 0.175108 87.945343 0.673536 -0.109749 0.730961 -3.546447 0.000000 0.000000 0.000000 1.000000
0.735845 0.134731 -0.663611 -3.673432 -0.025797 0.984872 0.171351 88.124611 0.676659 -0.108969 0.728189 -3.011465 0.000000 0.000000 0.000000 1.000000
0.733026 0.129348 -0.667789 -3.628209 -0.021453 0.985661 0.167370 88.325493 0.679862 -0.108361 0.725290 -2.483642 0.000000 0.000000 0.000000 1.000000
0.729905 0.123482 -0.672303 -3.591476 -0.018218 0.986713 0.161451 88.513794 0.683306 -0.105596 0.722456 -1.982515 0.000000 0.000000 0.000000 1.000000
0.727443 0.116110 -0.676273 -3.532727 -0.014657 0.987984 0.153862 88.654358 0.686012 -0.102013 0.720403 -1.540377 0.000000 0.000000 0.000000 1.000000
0.725719 0.109446 -0.679230 -3.445036 -0.011562 0.989066 0.147018 88.743835 0.687894 -0.098840 0.719050 -1.174576 0.000000 0.000000 0.000000 1.000000
0.725248 0.105459 -0.680363 -3.335402 -0.009369 0.989619 0.143408 88.792145 0.688424 -0.097632 0.718708 -0.888628 0.000000 0.000000 0.000000 1.000000
0.727446 0.104304 -0.678191 -3.219619 -0.008337 0.989650 0.143263 88.800575 0.686114 -0.098562 0.720786 -0.678249 0.000000 0.000000 0.000000 1.000000
0.732674 0.104937 -0.672441 -3.107483 -0.009562 0.989531 0.144001 88.762436 0.680512 -0.099076 0.726007 -0.540429 0.000000 0.000000 0.000000 1.000000
0.738841 0.106234 -0.665453 -3.021777 -0.012988 0.989557 0.143554 88.682808 0.673754 -0.097421 0.732505 -0.468138 0.000000 0.000000 0.000000 1.000000
0.744653 0.107981 -0.658659 -2.961708 -0.017921 0.989705 0.141993 88.588737 0.667211 -0.093932 0.738922 -0.451908 0.000000 0.000000 0.000000 1.000000
0.749455 0.109901 -0.652870 -2.912296 -0.023358 0.989901 0.139822 88.507233 0.661643 -0.089540 0.744453 -0.471105 0.000000 0.000000 0.000000 1.000000
0.753854 0.110496 -0.647684 -2.854427 -0.027120 0.990150 0.137356 88.448433 0.656482 -0.085981 0.749426 -0.502064 0.000000 0.000000 0.000000 1.000000
0.756882 0.110313 -0.644175 -2.786241 -0.029901 0.990465 0.134481 88.413895 0.652868 -0.082524 0.752963 -0.517213 0.000000 0.000000 0.000000 1.000000
0.758352 0.110121 -0.642476 -2.727715 -0.033280 0.990882 0.130556 88.395294 0.650995 -0.077626 0.755102 -0.519674 0.000000 0.000000 0.000000 1.000000
0.762641 0.108267 -0.637696 -2.655663 -0.035906 0.991458 0.125387 88.382706 0.645824 -0.072728 0.760014 -0.507938 0.000000 0.000000 0.000000 1.000000
0.766733 0.106701 -0.633037 -2.602060 -0.039846 0.992099 0.118960 88.387856 0.640728 -0.065986 0.764927 -0.432875 0.000000 0.000000 0.000000 1.000000
0.767759 0.106489 -0.631828 -2.597907 -0.044026 0.992530 0.113784 88.412155 0.639224 -0.059541 0.766712 -0.316291 0.000000 0.000000 0.000000 1.000000
0.768104 0.105903 -0.631507 -2.594365 -0.046342 0.992836 0.110131 88.450241 0.638646 -0.055327 0.767509 -0.182865 0.000000 0.000000 0.000000 1.000000
0.768207 0.105052 -0.631524 -2.575921 -0.047129 0.993048 0.107862 88.479271 0.638465 -0.053097 0.767817 -0.047520 0.000000 0.000000 0.000000 1.000000
0.766602 0.104162 -0.633618 -2.565274 -0.047591 0.993258 0.105704 88.490318 0.640357 -0.050878 0.766391 0.062836 0.000000 0.000000 0.000000 1.000000
0.764147 0.103687 -0.636653 -2.569484 -0.048828 0.993462 0.103192 88.481575 0.643191 -0.047768 0.764214 0.145139 0.000000 0.000000 0.000000 1.000000
0.761397 0.104641 -0.639784 -2.608790 -0.051130 0.993506 0.101645 88.458542 0.646266 -0.044680 0.761803 0.208800 0.000000 0.000000 0.000000 1.000000
0.759317 0.105824 -0.642059 -2.687551 -0.052097 0.993407 0.102121 88.447716 0.648632 -0.044093 0.759824 0.274901 0.000000 0.000000 0.000000 1.000000
0.757477 0.106684 -0.644086 -2.790046 -0.052243 0.993300 0.103085 88.449165 0.650768 -0.044435 0.757975 0.348505 0.000000 0.000000 0.000000 1.000000
0.755208 0.107917 -0.646541 -2.903489 -0.053102 0.993185 0.103749 88.449997 0.653331 -0.044020 0.755791 0.419656 0.000000 0.000000 0.000000 1.000000
0.754023 0.109217 -0.647705 -3.013224 -0.054197 0.993062 0.104358 88.439354 0.654609 -0.043585 0.754710 0.479450 0.000000 0.000000 0.000000 1.000000
0.753702 0.110647 -0.647835 -3.121334 -0.055632 0.992929 0.104865 88.415619 0.654857 -0.042997 0.754528 0.527048 0.000000 0.000000 0.000000 1.000000
0.752748 0.112236 -0.648671 -3.241427 -0.056759 0.992755 0.105904 88.403587 0.655858 -0.042901 0.753664 0.579384 0.000000 0.000000 0.000000 1.000000
0.751184 0.113477 -0.650266 -3.366807 -0.056599 0.992557 0.107826 88.411499 0.657662 -0.044193 0.752016 0.644468 0.000000 0.000000 0.000000 1.000000
0.749972 0.113922 -0.651586 -3.485015 -0.055279 0.992406 0.109884 88.408890 0.659156 -0.046391 0.750574 0.707289 0.000000 0.000000 0.000000 1.000000
0.748242 0.114167 -0.653529 -3.594665 -0.053066 0.992225 0.112578 88.395317 0.661300 -0.049555 0.748482 0.769349 0.000000 0.000000 0.000000 1.000000
0.746507 0.114629 -0.655429 -3.694294 -0.050025 0.991930 0.116503 88.376663 0.663494 -0.054182 0.746217 0.824699 0.000000 0.000000 0.000000 1.000000
0.744917 0.115259 -0.657125 -3.796144 -0.046555 0.991543 0.121140 88.349083 0.665530 -0.059647 0.743983 0.865732 0.000000 0.000000 0.000000 1.000000
0.742705 0.116005 -0.659494 -3.898384 -0.042511 0.991061 0.126453 88.311996 0.668268 -0.065881 0.740998 0.896376 0.000000 0.000000 0.000000 1.000000
0.740375 0.116714 -0.661983 -3.990963 -0.037922 0.990495 0.132221 88.270996 0.671123 -0.072790 0.737764 0.911857 0.000000 0.000000 0.000000 1.000000
0.738496 0.116753 -0.664072 -4.074592 -0.032452 0.989907 0.137951 88.238220 0.673476 -0.080326 0.734832 0.908759 0.000000 0.000000 0.000000 1.000000
0.736201 0.117276 -0.666524 -4.161270 -0.027158 0.989197 0.144054 88.199821 0.676218 -0.087951 0.731433 0.886866 0.000000 0.000000 0.000000 1.000000
0.733581 0.118775 -0.669143 -4.250692 -0.023214 0.988414 0.149997 88.157455 0.679206 -0.094501 0.727838 0.832046 0.000000 0.000000 0.000000 1.000000
0.731020 0.120087 -0.671705 -4.345197 -0.018436 0.987509 0.156482 88.129211 0.682106 -0.102007 0.724103 0.746619 0.000000 0.000000 0.000000 1.000000
0.728103 0.121185 -0.674671 -4.459249 -0.012193 0.986382 0.164015 88.123276 0.685359 -0.111193 0.719666 0.642172 0.000000 0.000000 0.000000 1.000000
0.725540 0.122046 -0.677271 -4.571427 -0.006900 0.985389 0.170179 88.140755 0.688145 -0.118798 0.715781 0.497852 0.000000 0.000000 0.000000 1.000000
0.723543 0.122391 -0.679342 -4.674425 -0.002427 0.984601 0.174802 88.196854 0.690275 -0.124828 0.712698 0.305322 0.000000 0.000000 0.000000 1.000000
0.722486 0.123133 -0.680332 -4.782444 0.000983 0.983829 0.179107 88.315170 0.691384 -0.130072 0.710682 0.053278 0.000000 0.000000 0.000000 1.000000
0.723202 0.123705 -0.679467 -4.890831 0.001764 0.983494 0.180934 88.494492 0.690634 -0.132051 0.711047 -0.283498 0.000000 0.000000 0.000000 1.000000
0.726351 0.123158 -0.676199 -4.981276 0.000798 0.983664 0.180014 88.698608 0.687323 -0.131293 0.714387 -0.691650 0.000000 0.000000 0.000000 1.000000
0.732006 0.122132 -0.670262 -5.035261 -0.002034 0.984189 0.177112 88.896500 0.681296 -0.128283 0.720680 -1.143051 0.000000 0.000000 0.000000 1.000000
0.738362 0.120515 -0.663549 -5.053741 -0.005991 0.985037 0.172238 89.070091 0.674378 -0.123199 0.728036 -1.580981 0.000000 0.000000 0.000000 1.000000
0.742521 0.119673 -0.659045 -5.039832 -0.010486 0.985866 0.167205 89.184189 0.669740 -0.117242 0.733282 -1.947071 0.000000 0.000000 0.000000 1.000000
0.743586 0.120434 -0.657704 -4.981413 -0.014824 0.986373 0.163858 89.219574 0.668476 -0.112093 0.735238 -2.239175 0.000000 0.000000 0.000000 1.000000
0.742233 0.121832 -0.658974 -4.867774 -0.017902 0.986589 0.162237 89.166298 0.669903 -0.108621 0.734460 -2.464730 0.000000 0.000000 0.000000 1.000000
0.738504 0.123323 -0.662874 -4.689869 -0.019159 0.986572 0.162200 89.018013 0.673976 -0.107085 0.730951 -2.593080 0.000000 0.000000 0.000000 1.000000
0.733600 0.125082 -0.667971 -4.465556 -0.019322 0.986357 0.163482 88.807198 0.679307 -0.107023 0.726008 -2.609588 0.000000 0.000000 0.000000 1.000000
0.730203 0.126728 -0.671374 -4.195611 -0.019862 0.986170 0.164545 88.553375 0.682941 -0.106816 0.722621 -2.533696 0.000000 0.000000 0.000000 1.000000
0.727979 0.127773 -0.673588 -3.867566 -0.021036 0.986180 0.164335 88.292740 0.685277 -0.105463 0.720606 -2.361525 0.000000 0.000000 0.000000 1.000000
0.725503 0.128485 -0.676120 -3.494735 -0.022793 0.986365 0.162984 88.108307 0.687842 -0.102834 0.718539 -2.076591 0.000000 0.000000 0.000000 1.000000
0.722256 0.128594 -0.679566 -3.082849 -0.024409 0.986690 0.160768 88.061531 0.691195 -0.099528 0.715782 -1.667552 0.000000 0.000000 0.000000 1.000000
0.717946 0.126694 -0.684472 -2.618706 -0.025196 0.987383 0.156334 88.149811 0.695643 -0.094993 0.712080 -1.167789 0.000000 0.000000 0.000000 1.000000
0.712509 0.121186 -0.691119 -2.088059 -0.024979 0.988729 0.147619 88.304840 0.701218 -0.087916 0.707505 -0.650258 0.000000 0.000000 0.000000 1.000000
0.706318 0.113079 -0.698805 -1.508715 -0.024147 0.990433 0.135863 88.451881 0.707483 -0.079088 0.702292 -0.167502 0.000000 0.000000 0.000000 1.000000
0.700963 0.105234 -0.705392 -0.919608 -0.023152 0.991891 0.124968 88.512131 0.712822 -0.071266 0.697715 0.288344 0.000000 0.000000 0.000000 1.000000
0.697225 0.100438 -0.709781 -0.386953 -0.022810 0.992743 0.118073 88.399582 0.716489 -0.066134 0.694456 0.702148 0.000000 0.000000 0.000000 1.000000
0.694970 0.100158 -0.712029 0.029888 -0.022755 0.992819 0.117445 88.103470 0.718679 -0.065419 0.692258 1.024058 0.000000 0.000000 0.000000 1.000000
0.693537 0.103294 -0.712977 0.323805 -0.020959 0.992142 0.123352 87.639313 0.720116 -0.070606 0.690252 1.252694 0.000000 0.000000 0.000000 1.000000
0.691759 0.107379 -0.714100 0.505433 -0.017107 0.991042 0.132451 87.074913 0.721926 -0.079409 0.687399 1.400586 0.000000 0.000000 0.000000 1.000000
0.690144 0.111155 -0.715084 0.598315 -0.012993 0.989877 0.141330 86.542023 0.723555 -0.088247 0.684602 1.458944 0.000000 0.000000 0.000000 1.000000
0.690638 0.113817 -0.714188 0.591986 -0.008278 0.988718 0.149562 86.109390 0.723153 -0.097381 0.683788 1.413035 0.000000 0.000000 0.000000 1.000000
0.692354 0.115769 -0.712210 0.494102 -0.004715 0.987750 0.155975 85.882248 0.721542 -0.104632 0.684419 1.251681 0.000000 0.000000 0.000000 1.000000</float_array>
        <technique_common>
          <accessor source="#mixamorig_Hips-Matrix-animation-output-transform-array" count="86" stride="16">
            <param type="float4x4"/>
          </accessor>
        </technique_common>
      </source>
      <source id="mixamorig_Hips-Interpolations">
        <Name_array id="mixamorig_Hips-Interpolations-array" count="86">
 LINEAR LINEAR LINEAR LINEAR LINEAR LINEAR LINEAR LINEAR LINEAR LINEAR LINEAR
LINEAR LINEAR LINEAR LINEAR LINEAR LINEAR LINEAR LINEAR LINEAR LINEAR LINEAR LINEAR
LINEAR LINEAR LINEAR LINEAR LINEAR LINEAR LINEAR LINEAR LINEAR LINEAR LINEAR LINEAR
LINEAR LINEAR LINEAR LINEAR LINEAR LINEAR LINEAR LINEAR LINEAR LINEAR LINEAR LINEAR
LINEAR LINEAR LINEAR LINEAR LINEAR LINEAR LINEAR LINEAR LINEAR LINEAR LINEAR LINEAR
LINEAR LINEAR LINEAR LINEAR LINEAR LINEAR LINEAR LINEAR LINEAR LINEAR LINEAR LINEAR
LINEAR LINEAR LINEAR LINEAR LINEAR LINEAR LINEAR LINEAR LINEAR LINEAR LINEAR LINEAR
LINEAR LINEAR LINEAR</Name_array>
        <technique_common>
          <accessor source="#mixamorig_Hips-Interpolations-array" count="86">
            <param type="name"/>
          </accessor>
        </technique_common>
      </source>
      <sampler id="mixamorig_Hips-Matrix-animation-transform">
        <input semantic="INPUT" source="#mixamorig_Hips-Matrix-animation-input"/>
        <input semantic="OUTPUT" source="#mixamorig_Hips-Matrix-animation-output-transform"/>
        <input semantic="INTERPOLATION" source="#mixamorig_Hips-Interpolations"/>
      </sampler>
      <channel source="#mixamorig_Hips-Matrix-animation-transform" target="mixamorig_Hips/matrix"/>
    </animation>
    <animation id="mixamorig_Spine-anim" name="mixamorig_Spine">
      <source id="mixamorig_Spine-Matrix-animation-input">
        <float_array id="mixamorig_Spine-Matrix-animation-input-array" count="86">

0.000000 0.033333 0.066667 0.100000 0.133333 0.166667 0.200000 0.233333 0.266667 0.300000 0.333333 0.366667 0.400000 0.433333 0.466667 0.500000
0.533333 0.566667 0.600000 0.633333 0.666667 0.700000 0.733333 0.766667 0.800000 0.833333 0.866667 0.900000 0.933333 0.966667 1.000000 1.033333
1.066667 1.100000 1.133333 1.166667 1.200000 1.233333 1.266667 1.300000 1.333333 1.366667 1.400000 1.433333 1.466667 1.500000 1.533333 1.566667
1.600000 1.633333 1.666667 1.700000 1.733333 1.766667 1.800000 1.833333 1.866667 1.900000 1.933333 1.966667 2.000000 2.033333 2.066667 2.100000
2.133333 2.166667 2.200000 2.233333 2.266667 2.300000 2.333333 2.366667 2.400000 2.433333 2.466667 2.500000 2.533333 2.566667 2.600000 2.633333
2.666667 2.700000 2.733333 2.766667 2.800000 2.833333</float_array>
        <technique_common>
          <accessor source="#mixamorig_Spine-Matrix-animation-input-array" count="86">
            <param name="TIME" type="float"/>
          </accessor>
        </technique_common>
      </source>
      <source id="mixamorig_Spine-Matrix-animation-output-transform">
        <float_array id="mixamorig_Spine-Matrix-animation-output-transform-array" count="1376">

0.998315 0.026816 0.051468 0.000000 -0.012158 0.963804 -0.266335 9.933500 -0.056747 0.265260 0.962505 -1.156000 0.000000 0.000000 0.000000 1.000000
0.998441 0.024594 0.050115 0.000000 -0.010366 0.963794 -0.266448 9.933500 -0.054853 0.265513 0.962546 -1.156000 0.000000 0.000000 0.000000 1.000000
0.998522 0.021918 0.049734 -0.000000 -0.008087 0.964810 -0.262825 9.933500 -0.053744 0.262034 0.963561 -1.156000 0.000000 0.000000 0.000000 1.000000
0.998535 0.019215 0.050585 0.000000 -0.005734 0.967139 -0.254183 9.933500 -0.053807 0.253520 0.965832 -1.156000 0.000000 0.000000 0.000000 1.000000
0.998644 0.016500 0.049377 0.000000 -0.004017 0.970037 -0.242924 9.933500 -0.051906 0.242397 0.968788 -1.156000 0.000000 0.000000 0.000000 1.000000
0.998874 0.011758 0.045960 0.000000 -0.000629 0.971998 -0.234990 9.933500 -0.047436 0.234697 0.970911 -1.156000 0.000000 0.000000 0.000000 1.000000
0.998948 0.007466 0.045256 0.000000 0.002946 0.974185 -0.225732 9.933500 -0.045773 0.225628 0.973138 -1.156000 0.000000 0.000000 0.000000 1.000000
0.998982 0.002410 0.045054 0.000000 0.007636 0.975138 -0.221465 9.933500 -0.044468 0.221584 0.974127 -1.156000 0.000000 0.000000 0.000000 1.000000
0.999028 -0.002352 0.044026 0.000000 0.012128 0.974713 -0.223132 9.933500 -0.042388 0.223448 0.973794 -1.156000 0.000000 0.000000 0.000000 1.000000
0.999074 -0.007009 0.042452 0.000000 0.016534 0.973424 -0.228411 9.933500 -0.039723 0.228902 0.972639 -1.156000 0.000000 0.000000 0.000000 1.000000
0.999054 -0.010600 0.042178 0.000000 0.020190 0.972041 -0.233940 9.933500 -0.038519 0.234571 0.971336 -1.156000 0.000000 0.000000 0.000000 1.000000
0.999000 -0.008477 0.043908 0.000000 0.018553 0.971946 -0.234471 9.933500 -0.040689 0.235051 0.971131 -1.156000 0.000000 0.000000 0.000000 1.000000
0.998990 -0.010629 0.043649 0.000000 0.020805 0.970595 -0.239817 9.933500 -0.039816 0.240483 0.969836 -1.156000 0.000000 0.000000 0.000000 1.000000
0.999036 -0.019467 0.039356 0.000000 0.028695 0.967913 -0.249642 9.933500 -0.033233 0.250531 0.967538 -1.156000 0.000000 0.000000 0.000000 1.000000
0.998906 -0.025773 0.039008 0.000000 0.034562 0.968945 -0.244849 9.933500 -0.031486 0.245930 0.968776 -1.156000 0.000000 0.000000 0.000000 1.000000
0.998821 -0.029523 0.038534 -0.000000 0.037617 0.972466 -0.229989 9.933500 -0.030683 0.231167 0.972430 -1.156000 0.000000 0.000000 0.000000 1.000000
0.998760 -0.035676 0.034730 0.000000 0.042241 0.976410 -0.211751 9.933500 -0.026357 0.212956 0.976706 -1.156000 0.000000 0.000000 0.000000 1.000000
0.998515 -0.044122 0.031967 0.000000 0.049446 0.980235 -0.191557 9.933500 -0.022883 0.192853 0.980961 -1.156000 0.000000 0.000000 0.000000 1.000000
0.998199 -0.050559 0.032302 -0.000000 0.055377 0.983578 -0.171775 9.933500 -0.023087 0.173255 0.984606 -1.156000 0.000000 0.000000 0.000000 1.000000
0.998064 -0.052170 0.033847 0.000000 0.056831 0.986151 -0.155807 9.933500 -0.025250 0.157429 0.987207 -1.156000 0.000000 0.000000 0.000000 1.000000
0.997905 -0.054175 0.035370 0.000000 0.058657 0.988232 -0.141269 9.933500 -0.027301 0.143048 0.989339 -1.156000 0.000000 0.000000 0.000000 1.000000
0.997590 -0.058773 0.036884 0.000000 0.062936 0.990246 -0.124304 9.933500 -0.029218 0.126325 0.991558 -1.156000 0.000000 0.000000 0.000000 1.000000
0.997335 -0.060688 0.040486 0.000000 0.064736 0.992085 -0.107595 9.933500 -0.033635 0.109930 0.993370 -1.156000 0.000000 0.000000 0.000000 1.000000
0.997133 -0.060425 0.045546 0.000000 0.064554 0.993341 -0.095428 9.933500 -0.039477 0.098094 0.994394 -1.156000 0.000000 0.000000 0.000000 1.000000
0.996948 -0.059322 0.050753 0.000000 0.063758 0.993827 -0.090788 9.933500 -0.045054 0.093747 0.994576 -1.156000 0.000000 0.000000 0.000000 1.000000
0.996855 -0.057442 0.054598 0.000000 0.062364 0.993694 -0.093182 9.933500 -0.048901 0.096294 0.994151 -1.156000 0.000000 0.000000 0.000000 1.000000
0.996877 -0.055731 0.055942 0.000000 0.061043 0.993289 -0.098237 9.933500 -0.050092 0.101346 0.993589 -1.156000 0.000000 0.000000 0.000000 1.000000
0.996999 -0.052643 0.056763 0.000000 0.058308 0.992944 -0.103263 9.933500 -0.050926 0.106262 0.993033 -1.156000 0.000000 0.000000 0.000000 1.000000
0.997111 -0.048738 0.058253 0.000000 0.054826 0.992644 -0.107947 9.933500 -0.052564 0.110829 0.992448 -1.156000 0.000000 0.000000 0.000000 1.000000
0.997060 -0.045669 0.061520 0.000000 0.052394 0.992263 -0.112552 9.933500 -0.055904 0.115445 0.991740 -1.156000 0.000000 0.000000 0.000000 1.000000
0.997031 -0.041676 0.064750 0.000000 0.049099 0.991841 -0.117645 9.933500 -0.059319 0.120475 0.990943 -1.156000 0.000000 0.000000 0.000000 1.000000
0.996971 -0.037192 0.068312 0.000000 0.045329 0.991528 -0.121724 9.933500 -0.063206 0.124452 0.990210 -1.156000 0.000000 0.000000 0.000000 1.000000
0.996621 -0.033139 0.075149 0.000000 0.042347 0.991322 -0.124449 9.933500 -0.070373 0.127211 0.989376 -1.156000 0.000000 0.000000 0.000000 1.000000
0.996326 -0.027249 0.081197 0.000000 0.037523 0.991088 -0.127818 9.933500 -0.076990 0.130395 0.988468 -1.156000 0.000000 0.000000 0.000000 1.000000
0.995959 -0.023109 0.086781 -0.000000 0.034307 0.990940 -0.129853 9.933500 -0.082994 0.132305 0.987728 -1.156000 0.000000 0.000000 0.000000 1.000000
0.995627 -0.020693 0.091092 0.000000 0.032533 0.990917 -0.130478 9.933500 -0.087565 0.132871 0.987258 -1.156000 0.000000 0.000000 0.000000 1.000000
0.995607 -0.017161 0.092040 0.000000 0.029250 0.990864 -0.131651 9.933500 -0.088940 0.133765 0.987014 -1.156000 0.000000 0.000000 0.000000 1.000000
0.995763 -0.013443 0.090967 -0.000000 0.025572 0.990718 -0.133507 9.933500 -0.088328 0.135268 0.986864 -1.156000 0.000000 0.000000 0.000000 1.000000
0.995799 -0.010262 0.090994 0.000000 0.022576 0.990540 -0.135358 9.933500 -0.088744 0.136843 0.986610 -1.156000 0.000000 0.000000 0.000000 1.000000
0.995832 -0.008966 0.090766 0.000000 0.021353 0.990419 -0.136435 9.933500 -0.088673 0.137805 0.986482 -1.156000 0.000000 0.000000 0.000000 1.000000
0.995955 -0.009674 0.089337 0.000000 0.021927 0.990298 -0.137216 9.933500 -0.087143 0.138620 0.986504 -1.156000 0.000000 0.000000 0.000000 1.000000
0.996211 -0.009145 0.086483 0.000000 0.021169 0.990043 -0.139162 9.933500 -0.084349 0.140466 0.986486 -1.156000 0.000000 0.000000 0.000000 1.000000
0.996462 -0.007905 0.083673 -0.000000 0.019640 0.989905 -0.140368 9.933500 -0.081719 0.141514 0.986557 -1.156000 0.000000 0.000000 0.000000 1.000000
0.996563 -0.007035 0.082542 0.000000 0.018616 0.989921 -0.140395 9.933500 -0.080723 0.141449 0.986649 -1.156000 0.000000 0.000000 0.000000 1.000000
0.996697 -0.006232 0.080969 -0.000000 0.017632 0.989873 -0.140857 9.933500 -0.079271 0.141819 0.986713 -1.156000 0.000000 0.000000 0.000000 1.000000
0.996959 -0.006635 0.077646 -0.000000 0.017621 0.989756 -0.141680 9.933500 -0.075911 0.142618 0.986863 -1.156000 0.000000 0.000000 0.000000 1.000000
0.997172 -0.007491 0.074775 -0.000000 0.018084 0.989699 -0.142014 9.933500 -0.072941 0.142965 0.987036 -1.156000 0.000000 0.000000 0.000000 1.000000
0.997230 -0.007205 0.074028 0.000000 0.017642 0.989808 -0.141315 9.933500 -0.072256 0.142229 0.987193 -1.156000 0.000000 0.000000 0.000000 1.000000
0.997193 -0.006231 0.074618 0.000000 0.016607 0.990118 -0.139253 9.933500 -0.073013 0.140101 0.987442 -1.156000 0.000000 0.000000 0.000000 1.000000
0.997051 -0.005503 0.076539 0.000000 0.015988 0.990433 -0.137064 9.933500 -0.075053 0.137884 0.987601 -1.156000 0.000000 0.000000 0.000000 1.000000
0.996952 -0.005652 0.077814 0.000000 0.016216 0.990602 -0.135809 9.933500 -0.076315 0.136657 0.987674 -1.156000 0.000000 0.000000 0.000000 1.000000
0.996911 -0.006294 0.078284 0.000000 0.016813 0.990778 -0.134444 9.933500 -0.076716 0.135345 0.987824 -1.156000 0.000000 0.000000 0.000000 1.000000
0.996782 -0.006698 0.079882 0.000000 0.017314 0.990970 -0.132962 9.933500 -0.078270 0.133918 0.987897 -1.156000 0.000000 0.000000 0.000000 1.000000
0.996633 -0.007524 0.081641 0.000000 0.018239 0.991174 -0.131308 9.933500 -0.079932 0.132355 0.987974 -1.156000 0.000000 0.000000 0.000000 1.000000
0.996635 -0.008004 0.081570 -0.000000 0.018624 0.991301 -0.130287 9.933500 -0.079818 0.131368 0.988115 -1.156000 0.000000 0.000000 0.000000 1.000000
0.996711 -0.009106 0.080530 0.000000 0.019557 0.991326 -0.129964 9.933500 -0.078648 0.131112 0.988243 -1.156000 0.000000 0.000000 0.000000 1.000000
0.996841 -0.012588 0.078421 0.000000 0.022625 0.991458 -0.128447 9.933500 -0.076134 0.129815 0.988611 -1.156000 0.000000 0.000000 0.000000 1.000000
0.997001 -0.016452 0.075622 0.000000 0.025968 0.991609 -0.126639 9.933500 -0.072904 0.128223 0.989062 -1.156000 0.000000 0.000000 0.000000 1.000000
0.997058 -0.018669 0.074341 0.000000 0.027947 0.991663 -0.125790 9.933500 -0.071373 0.127497 0.989268 -1.156000 0.000000 0.000000 0.000000 1.000000
0.997066 -0.021841 0.073366 -0.000000 0.030810 0.991875 -0.123428 9.933500 -0.070074 0.125327 0.989638 -1.156000 0.000000 0.000000 0.000000 1.000000
0.997197 -0.026348 0.070029 -0.000000 0.034664 0.992129 -0.120327 9.933500 -0.066308 0.122417 0.990261 -1.156000 0.000000 0.000000 0.000000 1.000000
0.997436 -0.031680 0.064171 0.000000 0.039183 0.992089 -0.119263 9.933500 -0.059885 0.121472 0.990787 -1.156000 0.000000 0.000000 0.000000 1.000000
0.997615 -0.038944 0.056992 0.000000 0.045442 0.992025 -0.117564 9.933500 -0.051959 0.119874 0.991429 -1.156000 0.000000 0.000000 0.000000 1.000000
0.997688 -0.046778 0.049300 0.000000 0.052207 0.991958 -0.115299 9.933500 -0.043510 0.117606 0.992107 -1.156000 0.000000 0.000000 0.000000 1.000000
0.997615 -0.055595 0.040909 0.000000 0.059888 0.991841 -0.112540 9.933500 -0.034318 0.114722 0.992805 -1.156000 0.000000 0.000000 0.000000 1.000000
0.997396 -0.064564 0.032126 0.000000 0.067674 0.991885 -0.107633 9.933500 -0.024917 0.109527 0.993671 -1.156000 0.000000 0.000000 0.000000 1.000000
0.997035 -0.072247 0.026489 0.000000 0.074622 0.991807 -0.103681 9.933500 -0.018781 0.105350 0.994258 -1.156000 0.000000 0.000000 0.000000 1.000000
0.996780 -0.076462 0.024135 0.000000 0.078599 0.991297 -0.105601 9.933500 -0.015850 0.107158 0.994116 -1.156000 0.000000 0.000000 0.000000 1.000000
0.996951 -0.074571 0.022993 0.000000 0.076704 0.990636 -0.112943 9.933500 -0.014355 0.114363 0.993335 -1.156000 0.000000 0.000000 0.000000 1.000000
0.997422 -0.068461 0.021528 -0.000000 0.070605 0.989831 -0.123486 9.933500 -0.012855 0.124688 0.992113 -1.156000 0.000000 0.000000 0.000000 1.000000
0.998002 -0.059965 0.019926 0.000000 0.062131 0.988688 -0.136512 9.933500 -0.011515 0.137477 0.990438 -1.156000 0.000000 0.000000 0.000000 1.000000
0.998613 -0.049400 0.018193 -0.000000 0.051599 0.987002 -0.152201 9.933500 -0.010438 0.152928 0.988182 -1.156000 0.000000 0.000000 0.000000 1.000000
0.999062 -0.039431 0.017873 0.000000 0.041871 0.984998 -0.167412 9.933500 -0.011003 0.168003 0.985725 -1.156000 0.000000 0.000000 0.000000 1.000000
0.999261 -0.032288 0.020832 0.000000 0.035502 0.983196 -0.179068 9.933500 -0.014700 0.179675 0.983616 -1.156000 0.000000 0.000000 0.000000 1.000000
0.999320 -0.025430 0.026702 0.000000 0.030022 0.981564 -0.188760 9.933500 -0.021409 0.189434 0.981660 -1.156000 0.000000 0.000000 0.000000 1.000000
0.999315 -0.016319 0.033215 -0.000000 0.022575 0.979996 -0.197732 9.933500 -0.029323 0.198347 0.979693 -1.156000 0.000000 0.000000 0.000000 1.000000
0.999219 -0.007272 0.038849 0.000000 0.015034 0.978975 -0.203425 9.933500 -0.036553 0.203850 0.978320 -1.156000 0.000000 0.000000 0.000000 1.000000
0.998961 -0.000248 0.045564 0.000000 0.009640 0.978499 -0.206025 9.933500 -0.044533 0.206250 0.977485 -1.156000 0.000000 0.000000 0.000000 1.000000
0.998654 0.005844 0.051528 0.000000 0.005144 0.977567 -0.210560 9.933500 -0.051602 0.210542 0.976222 -1.156000 0.000000 0.000000 0.000000 1.000000
0.998505 0.010837 0.053570 -0.000000 0.001119 0.975889 -0.218263 9.933500 -0.054644 0.217996 0.974419 -1.156000 0.000000 0.000000 0.000000 1.000000
0.998389 0.015000 0.054714 -0.000000 -0.002127 0.973634 -0.228106 9.933500 -0.056692 0.227622 0.972098 -1.156000 0.000000 0.000000 0.000000 1.000000
0.998266 0.019566 0.055518 0.000000 -0.005728 0.970956 -0.239189 9.933500 -0.058586 0.238456 0.969385 -1.156000 0.000000 0.000000 0.000000 1.000000
0.998175 0.024593 0.055146 0.000000 -0.010075 0.968328 -0.249479 9.933500 -0.059535 0.248468 0.966809 -1.156000 0.000000 0.000000 0.000000 1.000000
0.998123 0.027690 0.054622 0.000000 -0.012729 0.966267 -0.257228 9.933500 -0.059902 0.256050 0.964806 -1.156000 0.000000 0.000000 0.000000 1.000000
0.998203 0.027915 0.053024 0.000000 -0.013011 0.964721 -0.262952 9.933500 -0.058493 0.261790 0.963351 -1.156000 0.000000 0.000000 0.000000 1.000000
0.998315 0.026816 0.051467 0.000000 -0.012158 0.963804 -0.266335 9.933500 -0.056747 0.265260 0.962505 -1.156000 0.000000 0.000000 0.000000 1.000000</float_array>
        <technique_common>
          <accessor source="#mixamorig_Spine-Matrix-animation-output-transform-array" count="86" stride="16">
            <param type="float4x4"/>
          </accessor>
        </technique_common>
      </source>
      <source id="mixamorig_Spine-Interpolations">
        <Name_array id="mixamorig_Spine-Interpolations-array" count="86">
 LINEAR LINEAR LINEAR LINEAR LINEAR LINEAR LINEAR LINEAR LINEAR LINEAR LINEAR
LINEAR LINEAR LINEAR LINEAR LINEAR LINEAR LINEAR LINEAR LINEAR LINEAR LINEAR LINEAR
LINEAR LINEAR LINEAR LINEAR LINEAR LINEAR LINEAR LINEAR LINEAR LINEAR LINEAR LINEAR
LINEAR LINEAR LINEAR LINEAR LINEAR LINEAR LINEAR LINEAR LINEAR LINEAR LINEAR LINEAR
LINEAR LINEAR LINEAR LINEAR LINEAR LINEAR LINEAR LINEAR LINEAR LINEAR LINEAR LINEAR
LINEAR LINEAR LINEAR LINEAR LINEAR LINEAR LINEAR LINEAR LINEAR LINEAR LINEAR LINEAR
LINEAR LINEAR LINEAR LINEAR LINEAR LINEAR LINEAR LINEAR LINEAR LINEAR LINEAR LINEAR
LINEAR LINEAR LINEAR</Name_array>
        <technique_common>
          <accessor source="#mixamorig_Spine-Interpolations-array" count="86">
            <param type="name"/>
          </accessor>
        </technique_common>
      </source>
      <sampler id="mixamorig_Spine-Matrix-animation-transform">
        <input semantic="INPUT" source="#mixamorig_Spine-Matrix-animation-input"/>
        <input semantic="OUTPUT" source="#mixamorig_Spine-Matrix-animation-output-transform"/>
        <input semantic="INTERPOLATION" source="#mixamorig_Spine-Interpolations"/>
      </sampler>
      <channel source="#mixamorig_Spine-Matrix-animation-transform" target="mixamorig_Spine/matrix"/>
    </animation>
    <animation id="mixamorig_Spine1-anim" name="mixamorig_Spine1">
      <source id="mixamorig_Spine1-Matrix-animation-input">
        <float_array id="mixamorig_Spine1-Matrix-animation-input-array" count="86">

0.000000 0.033333 0.066667 0.100000 0.133333 0.166667 0.200000 0.233333 0.266667 0.300000 0.333333 0.366667 0.400000 0.433333 0.466667 0.500000
0.533333 0.566667 0.600000 0.633333 0.666667 0.700000 0.733333 0.766667 0.800000 0.833333 0.866667 0.900000 0.933333 0.966667 1.000000 1.033333
1.066667 1.100000 1.133333 1.166667 1.200000 1.233333 1.266667 1.300000 1.333333 1.366667 1.400000 1.433333 1.466667 1.500000 1.533333 1.566667
1.600000 1.633333 1.666667 1.700000 1.733333 1.766667 1.800000 1.833333 1.866667 1.900000 1.933333 1.966667 2.000000 2.033333 2.066667 2.100000
2.133333 2.166667 2.200000 2.233333 2.266667 2.300000 2.333333 2.366667 2.400000 2.433333 2.466667 2.500000 2.533333 2.566667 2.600000 2.633333
2.666667 2.700000 2.733333 2.766667 2.800000 2.833333</float_array>
        <technique_common>
          <accessor source="#mixamorig_Spine1-Matrix-animation-input-array" count="86">
            <param name="TIME" type="float"/>
          </accessor>
        </technique_common>
      </source>
      <source id="mixamorig_Spine1-Matrix-animation-output-transform">
        <float_array id="mixamorig_Spine1-Matrix-animation-output-transform-array" count="1376">

0.999714 0.021092 0.011307 0.000000 -0.020975 0.999726 -0.010397 11.667300 -0.011523 0.010157 0.999882 -0.000000 0.000000 0.000000 0.000000 1.000000
0.999717 0.021046 0.011078 0.000000 -0.020920 0.999717 -0.011344 11.667300 -0.011314 0.011110 0.999874 -0.000000 0.000000 0.000000 0.000000 1.000000
0.999722 0.020863 0.010942 -0.000000 -0.020736 0.999718 -0.011588 11.667300 -0.011181 0.011358 0.999873 -0.000000 0.000000 0.000000 0.000000 1.000000
0.999737 0.020196 0.010869 0.000000 -0.020073 0.999735 -0.011262 11.667300 -0.011094 0.011041 0.999878 0.000000 0.000000 0.000000 0.000000 1.000000
0.999766 0.018982 0.010418 0.000000 -0.018878 0.999772 -0.010004 11.667300 -0.010606 0.009805 0.999896 0.000000 0.000000 0.000000 0.000000 1.000000
0.999771 0.018956 0.009901 0.000000 -0.018895 0.999803 -0.006140 11.667300 -0.010016 0.005952 0.999932 0.000000 0.000000 0.000000 0.000000 1.000000
0.999797 0.017744 0.009516 0.000000 -0.017687 0.999826 -0.005978 11.667300 -0.009621 0.005808 0.999937 0.000000 0.000000 0.000000 0.000000 1.000000
0.999810 0.017128 0.009312 -0.000000 -0.017061 0.999829 -0.007160 11.667300 -0.009433 0.007000 0.999931 0.000000 0.000000 0.000000 0.000000 1.000000
0.999817 0.016852 0.009086 0.000000 -0.016781 0.999829 -0.007812 11.667300 -0.009216 0.007658 0.999928 0.000000 0.000000 0.000000 0.000000 1.000000
0.999821 0.016735 0.008828 0.000000 -0.016658 0.999823 -0.008749 11.667300 -0.008973 0.008600 0.999923 0.000000 0.000000 0.000000 0.000000 1.000000
0.999826 0.016459 0.008726 0.000000 -0.016359 0.999801 -0.011434 11.667300 -0.008913 0.011290 0.999897 0.000000 0.000000 0.000000 0.000000 1.000000
0.999836 0.015799 0.008845 -0.000000 -0.015657 0.999750 -0.015932 11.667300 -0.009095 0.015791 0.999834 0.000000 0.000000 0.000000 0.000000 1.000000
0.999860 0.014357 0.008555 0.000000 -0.014218 0.999770 -0.016043 11.667300 -0.008783 0.015919 0.999835 0.000000 0.000000 0.000000 0.000000 1.000000
0.999902 0.011849 0.007495 0.000000 -0.011753 0.999850 -0.012709 11.667300 -0.007644 0.012620 0.999891 0.000000 0.000000 0.000000 0.000000 1.000000
0.999905 0.011657 0.007349 0.000000 -0.011562 0.999850 -0.012927 11.667300 -0.007498 0.012841 0.999889 0.000000 0.000000 0.000000 0.000000 1.000000
0.999915 0.010912 0.007105 0.000000 -0.010812 0.999845 -0.013899 11.667300 -0.007255 0.013821 0.999878 -0.000000 0.000000 0.000000 0.000000 1.000000
0.999934 0.009612 0.006325 0.000000 -0.009515 0.999839 -0.015197 11.667300 -0.006470 0.015135 0.999865 0.000000 0.000000 0.000000 0.000000 1.000000
0.999926 0.010553 0.006078 -0.000000 -0.010448 0.999798 -0.017158 11.667300 -0.006258 0.017093 0.999834 0.000000 0.000000 0.000000 0.000000 1.000000
0.999931 0.010090 0.006078 0.000000 -0.009978 0.999786 -0.018122 11.667300 -0.006260 0.018060 0.999817 0.000000 0.000000 0.000000 0.000000 1.000000
0.999945 0.008490 0.006078 0.000000 -0.008382 0.999810 -0.017610 11.667300 -0.006227 0.017558 0.999826 -0.000000 0.000000 0.000000 0.000000 1.000000
0.999942 0.008748 0.006355 -0.000000 -0.008640 0.999821 -0.016810 11.667300 -0.006501 0.016754 0.999839 -0.000000 0.000000 0.000000 0.000000 1.000000
0.999910 0.011448 0.007013 -0.000000 -0.011331 0.999801 -0.016393 11.667300 -0.007199 0.016312 0.999841 0.000000 0.000000 0.000000 0.000000 1.000000
0.999873 0.013842 0.007901 -0.000000 -0.013716 0.999781 -0.015828 11.667300 -0.008118 0.015718 0.999844 0.000000 0.000000 0.000000 0.000000 1.000000
0.999837 0.015699 0.008874 0.000000 -0.015563 0.999763 -0.015204 11.667300 -0.009110 0.015064 0.999845 0.000000 0.000000 0.000000 0.000000 1.000000
0.999792 0.017859 0.009885 -0.000000 -0.017712 0.999733 -0.014829 11.667300 -0.010147 0.014651 0.999841 -0.000000 0.000000 0.000000 0.000000 1.000000
0.999739 0.020183 0.010742 0.000000 -0.020021 0.999688 -0.014941 11.667300 -0.011040 0.014722 0.999831 0.000000 0.000000 0.000000 0.000000 1.000000
0.999681 0.022591 0.011278 0.000000 -0.022413 0.999627 -0.015626 11.667300 -0.011627 0.015368 0.999814 -0.000000 0.000000 0.000000 0.000000 1.000000
0.999667 0.023111 0.011471 0.000000 -0.022927 0.999611 -0.015874 11.667300 -0.011834 0.015606 0.999808 0.000000 0.000000 0.000000 0.000000 1.000000
0.999686 0.022239 0.011555 -0.000000 -0.022058 0.999635 -0.015607 11.667300 -0.011898 0.015347 0.999811 -0.000000 0.000000 0.000000 0.000000 1.000000
0.999677 0.022386 0.012023 0.000000 -0.022198 0.999632 -0.015579 11.667300 -0.012367 0.015307 0.999806 0.000000 0.000000 0.000000 0.000000 1.000000
0.999653 0.023124 0.012578 0.000000 -0.022927 0.999615 -0.015619 11.667300 -0.012934 0.015325 0.999799 0.000000 0.000000 0.000000 0.000000 1.000000
0.999634 0.023643 0.013131 0.000000 -0.023430 0.999595 -0.016162 11.667300 -0.013508 0.015849 0.999783 0.000000 0.000000 0.000000 0.000000 1.000000
0.999633 0.023223 0.013978 0.000000 -0.022988 0.999596 -0.016731 11.667300 -0.014360 0.016403 0.999762 -0.000000 0.000000 0.000000 0.000000 1.000000
0.999630 0.022856 0.014731 0.000000 -0.022598 0.999593 -0.017432 11.667300 -0.015123 0.017092 0.999740 0.000000 0.000000 0.000000 0.000000 1.000000
0.999621 0.022769 0.015454 -0.000000 -0.022480 0.999573 -0.018647 11.667300 -0.015872 0.018293 0.999707 -0.000000 0.000000 0.000000 0.000000 1.000000
0.999624 0.022334 0.015931 -0.000000 -0.022019 0.999563 -0.019697 11.667300 -0.016364 0.019339 0.999679 -0.000000 0.000000 0.000000 0.000000 1.000000
0.999645 0.021407 0.015891 0.000000 -0.021090 0.999580 -0.019897 11.667300 -0.016310 0.019555 0.999676 0.000000 0.000000 0.000000 0.000000 1.000000
0.999676 0.020163 0.015543 -0.000000 -0.019850 0.999603 -0.019996 11.667300 -0.015940 0.019681 0.999679 -0.000000 0.000000 0.000000 0.000000 1.000000
0.999706 0.018803 0.015329 0.000000 -0.018497 0.999631 -0.019905 11.667300 -0.015698 0.019616 0.999684 0.000000 0.000000 0.000000 0.000000 1.000000
0.999723 0.018001 0.015167 0.000000 -0.017706 0.999656 -0.019333 11.667300 -0.015510 0.019059 0.999698 0.000000 0.000000 0.000000 0.000000 1.000000
0.999731 0.017750 0.014931 0.000000 -0.017466 0.999668 -0.018955 11.667300 -0.015263 0.018689 0.999709 0.000000 0.000000 0.000000 0.000000 1.000000
0.999744 0.017371 0.014484 0.000000 -0.017097 0.999676 -0.018836 11.667300 -0.014807 0.018583 0.999718 0.000000 0.000000 0.000000 0.000000 1.000000
0.999761 0.016765 0.014004 0.000000 -0.016505 0.999693 -0.018502 11.667300 -0.014309 0.018266 0.999731 0.000000 0.000000 0.000000 0.000000 1.000000
